 1
 1
 1
 1
 1
 1
 1
 1
 1
 1
 1
 1
 1
 3
 1
 1
 3
 1
 1
 2
 1
 1
 1
 1
 1
 2
 3
 2
 1
 1
 1
 3
 1
 1
 4
 2
 1
 1
 1
 1
 1
 1
 1
 4
 1
 1
 1
 3
 1
 1
 4
 1
 2
 2
 1
 2
 1
 1
 1
 6
 1
 1
 2
 4
 1
 1
 1
 1
 3
 2
 1
 1
 3
 1
 1
 1
 1
 1
 1
 3
 4
 1
 1
 3
 6
 1
 1
 2
 1
 8
 2
 2
 3
 1
 1
 1
 3
 1
 1
 1
 1
 1
 1
 1
 1
 1
 1
 1
 1
 6
 2
 5
 1
 2
 2
 4
 1
 1
 1
 1
 1
 1
 2
 2
 2
 1
 1
 2
 3
 1
 1
 1
 1
 1
 1
 1
 1
 5
 3
 1
 1
 1
 1
 6
 1
 1
 1
 1
 1
 1
 1
 1
 4
 1
 1
 1
 1
 1
 1
 1
 1
 1
 1
 1
 1
 1
 1
 1
 1
 1
 1
 1
 2
 3
 1
 1
 1
 2
 1
 1
 2
 1
 1
 1
 1
 1
 1
 1
 1
 1
 1
 1
 2
 1
 1
 1
 1
 3
 1
 1
 3
 1
 2
 1
 2
 8
 3
 1
 1
 7
 2
 3
 3
 4
 2
 2
 1
 2
 2
 1
 1
 5
 8
 1
 2
 2
 1
 1
 1
 1
 1
 1
 1
 1
 1
 1
 1
 1
 2
 1
 1
 1
 2
 2
 3
 1
 1
 1
 1
 1
 1
 2
 1
 1
 6
 1
 1
 1
 4
 1
 1
 1
 3
 3
 2
 1
 1
 1
 2
 1
 1
 1
 1
 2
 2
 1
 1
 1
 1
 2
 4
 1
 2
 5
 1
 1
 7
 12
 1
 1
 1
 1
 2
 1
 3
 2
 2
 2
 2
 2
 1
 1
 9
 2
 3
 1
 2
 2
 1
 1
 1
 1
 1
 2
 2
 1
 1
 1
 1
 1
 1
 4
 1
 29
 1
 3
 1
 1
 1
 3
 1
 1
 9
 2
 1
 14
 1
 3
 2
 1
 1
 3
 3
 2
 1
 3
 2
 2
 1
 1
 9
 1
 1
 5
 2
 1
 1
 2
 1
 5
 2
 1
 5
 1
 2
 6
 6
 5
 6
 5
 1
 1
 1
 1
 1
 1
 2
 2
 1
 4
 1
 1
 1
 1
 5
 1
 1
 1
 2
 1
 1
 1
 1
 1
 4
 1
 1
 1
 1
 11
 1
 1
 1
 1
 2
 2
 1
 46
 1
 1
 1
 1
 2
 1
 1
 1
 1
 2
 1
 1
 1
 1
 2
 1
 1
 15
 17
 1
 1
 1
 1
 1
 1
 1
 1
 1
 1
 1
 1
 2
 2
 1
 1
 1
 2
 1
 1
 3
 1
 2
 18
 1
 1
 1
 1
 1
 1
 1
 1
 2
 1
 1
 1
 1
 1
 1
 1
 3
 2
 1
 10
 3
 1
 1
 4
 2
 1
 1
 4
 2
 1
 3
 1
 4
 1
 1
 1
 2
 1
 2
 1
 2
 1
 1
 1
 1
 1
 1
 10
 1
 1
 1
 1
 1
 1
 1
 1
 1
 1
 1
 1
 1
 1
 5
 3
 1
 1
 1
 1
 1
 1
 2
 6
 3
 1
 43
 1
 11
 1
 1
 10
 1
 2
 3
 1
 3
 1
 1
 1
 1
 1
 1
 1
 1
 1
 1
 4
 1
 1
 1
 1
 1
 1
 1
 1
 1
 2
 1
 1
 3
 15
 1
 14
 1
 1
 1
 1
 1
 1
 1
 1
 1
 1
 1
 1
 1
 1
 1
 1
 1
 3
 1
 2
 12
 1
 1
 1
 1
 1
 4
 13
 1
 1
 1
 1
 2
 1
 2
 1
 1
 1
 1
 1
 1
 1
 1
 1
 1
 1
 1
 1
 1
 1
 5
 1
 1
 1
 1
 1
 1
 1
 1
 1
 1
 1
 32
 1
 1
 1
 1
 1
 1
 1
 1
 1
 4
 1
 1
 1
 1
 1
 1
 1
 5
 1
 1
 1
 2
 2
 1
 1
 1
 6
 1
 1
 1
 1
 1
 1
 1
 1
 1
 1
 1
 1
 1
 1
 1
 1
 2
 1
 1
 1
 1
 1
 5
 1
 1
 1
 1
 1
 1
 1
 2
 1
 1
 1
 1
 1
 1
 1
 2
 4
 1
 3
 1
 1
 2
 1
 1
 1
 1
 1
 1
 1
 1
 1
 1
 1
 1
 1
 1
 1
 1
 1
 1
 1
 1
 1
 1
 1
 1
 1
 1
 1
 1
 1
 1
 1
 1
 1
 1
 1
 1
 1
 1
 1
 1
 1
 1
 1
 1
 1
 1
 1
 1
 1
 1
 1
 2
 3
 1
 5
 3
 1
 1
 3
 3
 1
 1
 2
 2
 1
 1
 1
 1
 1
 1
 3
 1
 1
 2
 2
 1
 1
 1
 1
 1
 1
 3
 1
 3
 1
 1
 1
 1
 39
 2
